-0.002487
0.001406
-0.001953
-0.001776
0.001058
0.001134
-0.000465
-0.000498
-0.001251
0.000507
-0.003788
0.000679
0.001836
-0.000334
0.001811
-0.001082
0.002643
0.003352
-0.002747
-0.002302
0.002212
0.003460
-0.000003
0.000321
0.000057
-0.001554
-0.000722
-0.000718
-0.000767
0.000472
0.000303
-0.001234
-0.000512
0.001905
0.001884
0.001364
-0.003633
0.000921
-0.002237
0.002430
-0.001298
-0.000313
0.000234
-0.000284
0.003323
-0.003506
-0.000972
0.001842
-0.000655
-0.000443
-0.000041
-0.000504
0.000150
-0.001741
-0.000864
0.000318
-0.003067
-0.000666
-0.002634
-0.001325
-0.001908
-0.002090
-0.002511
-0.003473
-0.004267
-0.001288
0.002244
-0.001859
0.001476
-0.000711
0.000760
0.003528
0.001308
0.000458
0.000434
0.000429
-0.004499
0.002203
0.002453
-0.002059
-0.000529
-0.002330
-0.001288
0.001830
0.000916
0.000722
0.001727
-0.005081
0.002129
-0.003161
0.000389
-0.001671
0.003499
-0.003454
0.003219
0.001883
0.000234
-0.000589
0.003850
0.001114
