-0.001874
0.002011
-0.001358
-0.001189
0.001637
0.001705
0.000097
0.000055
-0.000707
0.001042
-0.003262
0.001196
0.002344
0.000165
0.002301
-0.000601
0.003115
0.003794
-0.002500
-0.002252
0.002199
0.003267
-0.000455
-0.000455
-0.000954
-0.002524
-0.001426
-0.001030
-0.000679
0.000963
0.001140
-0.000098
0.000910
0.003506
0.003515
0.002994
-0.002002
0.002551
-0.000607
0.004060
0.000331
0.001316
0.001863
0.001344
0.004951
-0.001878
0.000656
0.003470
0.000973
0.001185
0.001587
0.001124
0.001778
-0.000113
0.000764
0.001946
-0.001439
0.000963
-0.001005
0.000304
-0.000278
-0.000460
-0.000880
-0.001842
-0.002636
0.000343
0.003873
-0.000282
0.002934
0.000564
0.001792
0.004278
0.001752
0.000497
0.000104
-0.000190
-0.005208
0.001654
0.002171
-0.002126
-0.000644
-0.002540
-0.001533
0.001574
0.000648
0.000441
0.001434
-0.005386
0.001812
-0.003491
0.000046
-0.002038
0.003120
-0.003846
0.002815
0.001466
-0.000195
-0.001031
0.003395
0.000648
