-0.001875
0.002011
-0.001358
-0.001189
0.001637
0.001704
0.000096
0.000055
-0.000707
0.001042
-0.003262
0.001196
0.002344
0.000165
0.002301
-0.000601
0.003114
0.003794
-0.002502
-0.002260
0.002195
0.003280
-0.000447
-0.000478
-0.000938
-0.002506
-0.001441
-0.001040
-0.000685
0.000957
0.001141
-0.000099
0.000913
0.003506
0.003515
0.002994
-0.002002
0.002551
-0.000607
0.004060
0.000331
0.001316
0.001863
0.001344
0.004951
-0.001878
0.000656
0.003470
0.000973
0.001185
0.001587
0.001124
0.001778
-0.000113
0.000764
0.001946
-0.001439
0.000963
-0.001005
0.000304
-0.000278
-0.000460
-0.000880
-0.001842
-0.002636
0.000343
0.003874
-0.000280
0.002932
0.000567
0.001797
0.004285
0.001744
0.000501
0.000090
-0.000178
-0.005216
0.001663
0.002189
-0.002130
-0.000642
-0.002541
-0.001533
0.001574
0.000648
0.000441
0.001434
-0.005386
0.001812
-0.003491
0.000046
-0.002038
0.003120
-0.003846
0.002815
0.001466
-0.000195
-0.001031
0.003395
0.000647
