-0.001874
0.002011
-0.001358
-0.001189
0.001637
0.001704
0.000097
0.000055
-0.000707
0.001042
-0.003262
0.001196
0.002344
0.000165
0.002301
-0.000601
0.003115
0.003794
-0.002502
-0.002258
0.002198
0.003278
-0.000446
-0.000474
-0.000936
-0.002504
-0.001438
-0.001042
-0.000685
0.000959
0.001141
-0.000098
0.000912
0.003506
0.003515
0.002994
-0.002002
0.002551
-0.000607
0.004060
0.000331
0.001316
0.001863
0.001344
0.004951
-0.001878
0.000656
0.003470
0.000973
0.001185
0.001587
0.001124
0.001778
-0.000113
0.000764
0.001946
-0.001439
0.000963
-0.001005
0.000304
-0.000278
-0.000460
-0.000880
-0.001842
-0.002636
0.000343
0.003874
-0.000281
0.002931
0.000567
0.001797
0.004285
0.001743
0.000502
0.000089
-0.000179
-0.005221
0.001663
0.002185
-0.002131
-0.000643
-0.002541
-0.001533
0.001574
0.000648
0.000441
0.001434
-0.005386
0.001812
-0.003491
0.000046
-0.002038
0.003120
-0.003846
0.002815
0.001466
-0.000195
-0.001031
0.003396
0.000648
