-0.001875
0.002010
-0.001358
-0.001189
0.001636
0.001704
0.000096
0.000055
-0.000708
0.001042
-0.003263
0.001195
0.002344
0.000165
0.002301
-0.000602
0.003114
0.003793
-0.002502
-0.002258
0.002195
0.003278
-0.000454
-0.000469
-0.000936
-0.002506
-0.001439
-0.001038
-0.000685
0.000957
0.001142
-0.000097
0.000912
0.003506
0.003515
0.002994
-0.002002
0.002551
-0.000607
0.004060
0.000331
0.001316
0.001863
0.001344
0.004951
-0.001878
0.000656
0.003470
0.000973
0.001185
0.001587
0.001124
0.001778
-0.000113
0.000764
0.001946
-0.001439
0.000963
-0.001005
0.000304
-0.000278
-0.000460
-0.000880
-0.001842
-0.002636
0.000343
0.003874
-0.000279
0.002931
0.000567
0.001798
0.004283
0.001744
0.000503
0.000089
-0.000180
-0.005215
0.001673
0.002191
-0.002130
-0.000643
-0.002541
-0.001533
0.001573
0.000647
0.000441
0.001433
-0.005386
0.001811
-0.003491
0.000046
-0.002038
0.003119
-0.003846
0.002814
0.001466
-0.000195
-0.001031
0.003395
0.000647
