-0.001875
0.002011
-0.001358
-0.001189
0.001636
0.001704
0.000096
0.000055
-0.000707
0.001042
-0.003262
0.001196
0.002344
0.000165
0.002301
-0.000602
0.003114
0.003794
-0.002502
-0.002260
0.002196
0.003280
-0.000442
-0.000467
-0.000937
-0.002505
-0.001440
-0.001038
-0.000682
0.000956
0.001139
-0.000098
0.000913
0.003505
0.003515
0.002994
-0.002002
0.002551
-0.000607
0.004060
0.000331
0.001316
0.001863
0.001344
0.004951
-0.001878
0.000656
0.003470
0.000973
0.001185
0.001587
0.001124
0.001778
-0.000113
0.000764
0.001946
-0.001439
0.000963
-0.001005
0.000304
-0.000278
-0.000460
-0.000880
-0.001842
-0.002636
0.000343
0.003873
-0.000281
0.002930
0.000564
0.001800
0.004286
0.001740
0.000504
0.000089
-0.000170
-0.005222
0.001668
0.002181
-0.002130
-0.000645
-0.002542
-0.001533
0.001574
0.000648
0.000441
0.001434
-0.005386
0.001811
-0.003491
0.000046
-0.002038
0.003119
-0.003846
0.002814
0.001466
-0.000195
-0.001031
0.003395
0.000647
